# unix_time, cycles_done, cur_path, paths_total, pending_total, pending_favs, map_size, unique_crashes, unique_hangs, max_depth, execs_per_sec
1682843038, 0, 0, 3, 3, 2, 0.01%, 0, 0, 1, 1142.86
1682843043, 15, 0, 3, 0, 0, 0.01%, 0, 0, 1, 2518.13
1682843048, 34, 2, 3, 0, 0, 0.01%, 0, 0, 1, 2871.00
1682843053, 37, 4, 5, 0, 0, 0.01%, 0, 0, 3, 2933.83
1682843058, 41, 3, 5, 0, 0, 0.01%, 0, 0, 3, 2972.28
1682843063, 45, 3, 5, 0, 0, 0.01%, 0, 0, 3, 3041.29
1682843068, 54, 2, 5, 0, 0, 0.01%, 0, 0, 3, 2913.37
1682843074, 63, 0, 5, 0, 0, 0.01%, 1, 0, 3, 2953.68
1682843079, 72, 1, 5, 0, 0, 0.01%, 1, 0, 3, 2990.67
1682843084, 80, 4, 5, 0, 0, 0.01%, 1, 0, 3, 3011.31
1682843089, 90, 1, 5, 0, 0, 0.01%, 1, 0, 3, 3006.11
1682843094, 99, 2, 5, 0, 0, 0.01%, 1, 0, 3, 3018.13
1682843099, 108, 3, 5, 0, 0, 0.01%, 1, 0, 3, 2972.30
1682843104, 117, 1, 5, 0, 0, 0.01%, 1, 0, 3, 2983.91
1682843109, 126, 2, 5, 0, 0, 0.01%, 1, 0, 3, 3067.23
1682843115, 135, 3, 5, 0, 0, 0.01%, 1, 0, 3, 3038.35
1682843120, 144, 3, 5, 0, 0, 0.01%, 1, 0, 3, 3021.77
1682843125, 153, 3, 5, 0, 0, 0.01%, 1, 0, 3, 2996.23
1682843130, 162, 4, 5, 0, 0, 0.01%, 1, 0, 3, 2979.64
1682843135, 171, 3, 5, 0, 0, 0.01%, 1, 0, 3, 2861.50
1682843140, 180, 3, 5, 0, 0, 0.01%, 1, 0, 3, 2926.37
1682843146, 189, 2, 5, 0, 0, 0.01%, 1, 0, 3, 2962.55
1682843151, 198, 4, 5, 0, 0, 0.01%, 1, 0, 3, 3012.09
1682843156, 207, 3, 5, 0, 0, 0.01%, 1, 0, 3, 2981.69
1682843161, 216, 3, 5, 0, 0, 0.01%, 1, 0, 3, 2985.51
1682843166, 225, 3, 5, 0, 0, 0.01%, 1, 0, 3, 2983.98
1682843171, 234, 4, 5, 0, 0, 0.01%, 1, 0, 3, 2991.82
1682843176, 243, 3, 5, 0, 0, 0.01%, 1, 0, 3, 2993.41
1682843181, 252, 4, 5, 0, 0, 0.01%, 1, 0, 3, 2996.33
1682843186, 261, 4, 5, 0, 0, 0.01%, 1, 0, 3, 2986.68
1682843192, 271, 1, 5, 0, 0, 0.01%, 1, 0, 3, 3023.40
1682843197, 279, 3, 5, 0, 0, 0.01%, 1, 0, 3, 2856.70
1682843202, 288, 3, 5, 0, 0, 0.01%, 1, 0, 3, 2893.41
1682843207, 297, 2, 5, 0, 0, 0.01%, 1, 0, 3, 2948.90
1682843212, 306, 2, 5, 0, 0, 0.01%, 1, 0, 3, 2996.71
1682843217, 315, 1, 5, 0, 0, 0.01%, 1, 0, 3, 2998.61
1682843222, 324, 0, 5, 0, 0, 0.01%, 1, 0, 3, 3001.76
1682843227, 332, 4, 5, 0, 0, 0.01%, 1, 0, 3, 3009.22
1682843232, 341, 4, 5, 0, 0, 0.01%, 1, 0, 3, 2983.88
1682843238, 350, 4, 5, 0, 0, 0.01%, 1, 0, 3, 3005.49
1682843243, 359, 4, 5, 0, 0, 0.01%, 1, 0, 3, 3011.26
1682843248, 369, 1, 5, 0, 0, 0.01%, 1, 0, 3, 3015.52
1682843253, 377, 4, 5, 0, 0, 0.01%, 1, 0, 3, 2983.74
1682843258, 387, 0, 5, 0, 0, 0.01%, 1, 0, 3, 3010.56
1682843263, 396, 2, 5, 0, 0, 0.01%, 1, 0, 3, 2984.00
1682843268, 405, 1, 5, 0, 0, 0.01%, 1, 0, 3, 2898.76
1682843273, 414, 2, 5, 0, 0, 0.01%, 1, 0, 3, 2992.90
1682843279, 423, 3, 5, 0, 0, 0.01%, 1, 0, 3, 3013.57
1682843284, 432, 4, 5, 0, 0, 0.01%, 1, 0, 3, 2997.38
1682843289, 442, 1, 5, 0, 0, 0.01%, 1, 0, 3, 3007.58
1682843294, 451, 3, 5, 0, 0, 0.01%, 1, 0, 3, 3041.26
1682843299, 460, 2, 5, 0, 0, 0.01%, 1, 0, 3, 2967.14
1682843304, 469, 3, 5, 0, 0, 0.01%, 1, 0, 3, 3022.19
1682843309, 478, 2, 5, 0, 0, 0.01%, 1, 0, 3, 3007.46
1682843315, 487, 2, 5, 0, 0, 0.01%, 1, 0, 3, 2965.60
1682843320, 496, 3, 5, 0, 0, 0.01%, 1, 0, 3, 3003.61
1682843325, 505, 3, 5, 0, 0, 0.01%, 1, 0, 3, 3012.42
1682843330, 515, 0, 5, 0, 0, 0.01%, 1, 0, 3, 3024.64
1682843335, 523, 4, 5, 0, 0, 0.01%, 1, 0, 3, 2906.68
1682843340, 532, 4, 5, 0, 0, 0.01%, 1, 0, 3, 2990.86
1682843345, 541, 4, 5, 0, 0, 0.01%, 1, 0, 3, 2973.56
1682843351, 550, 4, 5, 0, 0, 0.01%, 1, 0, 3, 3008.05
